279
395
96
39
399
289
301
323
305
181
387
411
410
230
454
435
252
216
165
21
76
83
144
224
462
484
452
313
204
438
439
366
373
26
231
440
302
159
363
419
444
448
379
242
196
297
220
101
409
334
436
217
400
42
274
110
264
186
347
58
163
483
108
43
69
420
268
495
343
192
111
61
158
184
84
487
52
397
56
365
157
339
382
118
428
171
199
493
128
358
404
245
71
215
102
140
425
44
24
141
372
336
496
391
98
208
248
265
176
160
150
178
457
453
416
49
442
393
412
130
295
318
392
22
32
100
0
203
46
221
337
131
447
134
459
229
55
385
466
317
235
396
278
316
239
349
113
418
386
68
27
389
51
381
461
375
127
266
62
426
260
225
227
370
30
207
255
218
374
341
429
491
417
233
480
33
319
384
226
237
240
479
6
200
164
205
330
327
398
321
59
64
443
153
329
66
304
243
80
315
112
371
388
350
437
458
460
273
376
16
85
258
394
246
189
104
167
271
353
132
434
135
247
36
117
276
367
413
424
326
40
486
430
29
223
357
161
72
277
348
185
464
73
213
406
19
155
380
286
91
206
92
450
28
136
414
474
191
7
103
309
89
282
471
145
119
115
294
188
485
314
340
120
87
335
360
352
250
183
408
48
422
5
355
3
94
198
214
299
432
17
37
303
122
31
333
11
292
324
259
431
234
476
194
249
88
182
272
77
456
291
328
138
415
377
449
359
82
351
65
67
173
364
455
338
105
261
211
10
405
97
472
463
311
197
407
368
469
18
148
383
70
262
35
284
41
403
174
175
142
475
465
15
470
99
481
312
267
482
201
236
325
129
74
93
322
177
143
95
12
307
275
156
168
75
354
137
8
14
81
310
109
423
154
488
219
232
254
4
356
300
34
342
107
116
147
492
210
228
477
346
296
473
193
468
270
298
47
257
288
490
146
345
149
269
427
241
209
244
123
445
20
222
114
378
78
212
281
1
2
332
133
344
25
256
169
369
467
38
50
202
179
331
494
170
478
90
285
9
125
139
63
308
151
362
79
361
180
121
401
320
421
86
190
433
283
238
253
263
60
195
290
451
446
106
402
162
124
287
441
152
390
45
23
54
172
187
489
280
166
13
306
126
53
293
57
251
